# module=line_buffer kept=39/39
# inputs=['clk', 'rst_n', 'shift_en', 'pixel_in']
# outputs=['row_out']
{"i": 0, "in": {"clk": 1, "rst_n": 1, "shift_en": 1, "pixel_in": 0}, "exp": {"row_out": [0, 0, 0, 0, 0, 0, 0, 0, 0, 0, 0, 0, 0, 0, 0, 0, 0, 0, 0, 0, 0, 0, 0, 0, 0, 0, 0, 0, 0, 0, 0, 0]}}
{"i": 1, "in": {"clk": 1, "rst_n": 1, "shift_en": 1, "pixel_in": 1}, "exp": {"row_out": [0, 0, 0, 0, 0, 0, 0, 0, 0, 0, 0, 0, 0, 0, 0, 0, 0, 0, 0, 0, 0, 0, 0, 0, 0, 0, 0, 0, 0, 0, 0, 1]}}
{"i": 2, "in": {"clk": 1, "rst_n": 1, "shift_en": 1, "pixel_in": 2}, "exp": {"row_out": [0, 0, 0, 0, 0, 0, 0, 0, 0, 0, 0, 0, 0, 0, 0, 0, 0, 0, 0, 0, 0, 0, 0, 0, 0, 0, 0, 0, 0, 0, 1, 2]}}
{"i": 3, "in": {"clk": 1, "rst_n": 1, "shift_en": 1, "pixel_in": 3}, "exp": {"row_out": [0, 0, 0, 0, 0, 0, 0, 0, 0, 0, 0, 0, 0, 0, 0, 0, 0, 0, 0, 0, 0, 0, 0, 0, 0, 0, 0, 0, 0, 1, 2, 3]}}
{"i": 4, "in": {"clk": 1, "rst_n": 1, "shift_en": 1, "pixel_in": 4}, "exp": {"row_out": [0, 0, 0, 0, 0, 0, 0, 0, 0, 0, 0, 0, 0, 0, 0, 0, 0, 0, 0, 0, 0, 0, 0, 0, 0, 0, 0, 0, 1, 2, 3, 4]}}
{"i": 5, "in": {"clk": 1, "rst_n": 1, "shift_en": 1, "pixel_in": 5}, "exp": {"row_out": [0, 0, 0, 0, 0, 0, 0, 0, 0, 0, 0, 0, 0, 0, 0, 0, 0, 0, 0, 0, 0, 0, 0, 0, 0, 0, 0, 1, 2, 3, 4, 5]}}
{"i": 6, "in": {"clk": 1, "rst_n": 1, "shift_en": 1, "pixel_in": 6}, "exp": {"row_out": [0, 0, 0, 0, 0, 0, 0, 0, 0, 0, 0, 0, 0, 0, 0, 0, 0, 0, 0, 0, 0, 0, 0, 0, 0, 0, 1, 2, 3, 4, 5, 6]}}
{"i": 7, "in": {"clk": 1, "rst_n": 1, "shift_en": 1, "pixel_in": 7}, "exp": {"row_out": [0, 0, 0, 0, 0, 0, 0, 0, 0, 0, 0, 0, 0, 0, 0, 0, 0, 0, 0, 0, 0, 0, 0, 0, 0, 1, 2, 3, 4, 5, 6, 7]}}
{"i": 8, "in": {"clk": 1, "rst_n": 1, "shift_en": 1, "pixel_in": 8}, "exp": {"row_out": [0, 0, 0, 0, 0, 0, 0, 0, 0, 0, 0, 0, 0, 0, 0, 0, 0, 0, 0, 0, 0, 0, 0, 0, 1, 2, 3, 4, 5, 6, 7, 8]}}
{"i": 9, "in": {"clk": 1, "rst_n": 1, "shift_en": 1, "pixel_in": 9}, "exp": {"row_out": [0, 0, 0, 0, 0, 0, 0, 0, 0, 0, 0, 0, 0, 0, 0, 0, 0, 0, 0, 0, 0, 0, 0, 1, 2, 3, 4, 5, 6, 7, 8, 9]}}
{"i": 10, "in": {"clk": 1, "rst_n": 1, "shift_en": 1, "pixel_in": 10}, "exp": {"row_out": [0, 0, 0, 0, 0, 0, 0, 0, 0, 0, 0, 0, 0, 0, 0, 0, 0, 0, 0, 0, 0, 0, 1, 2, 3, 4, 5, 6, 7, 8, 9, 10]}}
{"i": 11, "in": {"clk": 1, "rst_n": 1, "shift_en": 1, "pixel_in": 11}, "exp": {"row_out": [0, 0, 0, 0, 0, 0, 0, 0, 0, 0, 0, 0, 0, 0, 0, 0, 0, 0, 0, 0, 0, 1, 2, 3, 4, 5, 6, 7, 8, 9, 10, 11]}}
{"i": 12, "in": {"clk": 1, "rst_n": 1, "shift_en": 1, "pixel_in": 12}, "exp": {"row_out": [0, 0, 0, 0, 0, 0, 0, 0, 0, 0, 0, 0, 0, 0, 0, 0, 0, 0, 0, 0, 1, 2, 3, 4, 5, 6, 7, 8, 9, 10, 11, 12]}}
{"i": 13, "in": {"clk": 1, "rst_n": 1, "shift_en": 1, "pixel_in": 13}, "exp": {"row_out": [0, 0, 0, 0, 0, 0, 0, 0, 0, 0, 0, 0, 0, 0, 0, 0, 0, 0, 0, 1, 2, 3, 4, 5, 6, 7, 8, 9, 10, 11, 12, 13]}}
{"i": 14, "in": {"clk": 1, "rst_n": 1, "shift_en": 1, "pixel_in": 14}, "exp": {"row_out": [0, 0, 0, 0, 0, 0, 0, 0, 0, 0, 0, 0, 0, 0, 0, 0, 0, 0, 1, 2, 3, 4, 5, 6, 7, 8, 9, 10, 11, 12, 13, 14]}}
{"i": 15, "in": {"clk": 1, "rst_n": 1, "shift_en": 1, "pixel_in": 15}, "exp": {"row_out": [0, 0, 0, 0, 0, 0, 0, 0, 0, 0, 0, 0, 0, 0, 0, 0, 0, 1, 2, 3, 4, 5, 6, 7, 8, 9, 10, 11, 12, 13, 14, 15]}}
{"i": 16, "in": {"clk": 1, "rst_n": 1, "shift_en": 1, "pixel_in": 16}, "exp": {"row_out": [0, 0, 0, 0, 0, 0, 0, 0, 0, 0, 0, 0, 0, 0, 0, 0, 1, 2, 3, 4, 5, 6, 7, 8, 9, 10, 11, 12, 13, 14, 15, 16]}}
{"i": 17, "in": {"clk": 1, "rst_n": 1, "shift_en": 1, "pixel_in": 17}, "exp": {"row_out": [0, 0, 0, 0, 0, 0, 0, 0, 0, 0, 0, 0, 0, 0, 0, 1, 2, 3, 4, 5, 6, 7, 8, 9, 10, 11, 12, 13, 14, 15, 16, 17]}}
{"i": 18, "in": {"clk": 1, "rst_n": 1, "shift_en": 1, "pixel_in": 18}, "exp": {"row_out": [0, 0, 0, 0, 0, 0, 0, 0, 0, 0, 0, 0, 0, 0, 1, 2, 3, 4, 5, 6, 7, 8, 9, 10, 11, 12, 13, 14, 15, 16, 17, 18]}}
{"i": 19, "in": {"clk": 1, "rst_n": 1, "shift_en": 1, "pixel_in": 19}, "exp": {"row_out": [0, 0, 0, 0, 0, 0, 0, 0, 0, 0, 0, 0, 0, 1, 2, 3, 4, 5, 6, 7, 8, 9, 10, 11, 12, 13, 14, 15, 16, 17, 18, 19]}}
{"i": 20, "in": {"clk": 1, "rst_n": 1, "shift_en": 1, "pixel_in": 20}, "exp": {"row_out": [0, 0, 0, 0, 0, 0, 0, 0, 0, 0, 0, 0, 1, 2, 3, 4, 5, 6, 7, 8, 9, 10, 11, 12, 13, 14, 15, 16, 17, 18, 19, 20]}}
{"i": 21, "in": {"clk": 1, "rst_n": 1, "shift_en": 1, "pixel_in": 21}, "exp": {"row_out": [0, 0, 0, 0, 0, 0, 0, 0, 0, 0, 0, 1, 2, 3, 4, 5, 6, 7, 8, 9, 10, 11, 12, 13, 14, 15, 16, 17, 18, 19, 20, 21]}}
{"i": 22, "in": {"clk": 1, "rst_n": 1, "shift_en": 1, "pixel_in": 22}, "exp": {"row_out": [0, 0, 0, 0, 0, 0, 0, 0, 0, 0, 1, 2, 3, 4, 5, 6, 7, 8, 9, 10, 11, 12, 13, 14, 15, 16, 17, 18, 19, 20, 21, 22]}}
{"i": 23, "in": {"clk": 1, "rst_n": 1, "shift_en": 1, "pixel_in": 23}, "exp": {"row_out": [0, 0, 0, 0, 0, 0, 0, 0, 0, 1, 2, 3, 4, 5, 6, 7, 8, 9, 10, 11, 12, 13, 14, 15, 16, 17, 18, 19, 20, 21, 22, 23]}}
{"i": 24, "in": {"clk": 1, "rst_n": 1, "shift_en": 1, "pixel_in": 24}, "exp": {"row_out": [0, 0, 0, 0, 0, 0, 0, 0, 1, 2, 3, 4, 5, 6, 7, 8, 9, 10, 11, 12, 13, 14, 15, 16, 17, 18, 19, 20, 21, 22, 23, 24]}}
{"i": 25, "in": {"clk": 1, "rst_n": 1, "shift_en": 1, "pixel_in": 25}, "exp": {"row_out": [0, 0, 0, 0, 0, 0, 0, 1, 2, 3, 4, 5, 6, 7, 8, 9, 10, 11, 12, 13, 14, 15, 16, 17, 18, 19, 20, 21, 22, 23, 24, 25]}}
{"i": 26, "in": {"clk": 1, "rst_n": 1, "shift_en": 1, "pixel_in": 26}, "exp": {"row_out": [0, 0, 0, 0, 0, 0, 1, 2, 3, 4, 5, 6, 7, 8, 9, 10, 11, 12, 13, 14, 15, 16, 17, 18, 19, 20, 21, 22, 23, 24, 25, 26]}}
{"i": 27, "in": {"clk": 1, "rst_n": 1, "shift_en": 1, "pixel_in": 27}, "exp": {"row_out": [0, 0, 0, 0, 0, 1, 2, 3, 4, 5, 6, 7, 8, 9, 10, 11, 12, 13, 14, 15, 16, 17, 18, 19, 20, 21, 22, 23, 24, 25, 26, 27]}}
{"i": 28, "in": {"clk": 1, "rst_n": 1, "shift_en": 1, "pixel_in": 28}, "exp": {"row_out": [0, 0, 0, 0, 1, 2, 3, 4, 5, 6, 7, 8, 9, 10, 11, 12, 13, 14, 15, 16, 17, 18, 19, 20, 21, 22, 23, 24, 25, 26, 27, 28]}}
{"i": 29, "in": {"clk": 1, "rst_n": 1, "shift_en": 1, "pixel_in": 29}, "exp": {"row_out": [0, 0, 0, 1, 2, 3, 4, 5, 6, 7, 8, 9, 10, 11, 12, 13, 14, 15, 16, 17, 18, 19, 20, 21, 22, 23, 24, 25, 26, 27, 28, 29]}}
{"i": 30, "in": {"clk": 1, "rst_n": 1, "shift_en": 1, "pixel_in": 30}, "exp": {"row_out": [0, 0, 1, 2, 3, 4, 5, 6, 7, 8, 9, 10, 11, 12, 13, 14, 15, 16, 17, 18, 19, 20, 21, 22, 23, 24, 25, 26, 27, 28, 29, 30]}}
{"i": 31, "in": {"clk": 1, "rst_n": 1, "shift_en": 1, "pixel_in": 31}, "exp": {"row_out": [0, 1, 2, 3, 4, 5, 6, 7, 8, 9, 10, 11, 12, 13, 14, 15, 16, 17, 18, 19, 20, 21, 22, 23, 24, 25, 26, 27, 28, 29, 30, 31]}}
{"i": 32, "in": {"clk": 1, "rst_n": 1, "shift_en": 1, "pixel_in": 32}, "exp": {"row_out": [1, 2, 3, 4, 5, 6, 7, 8, 9, 10, 11, 12, 13, 14, 15, 16, 17, 18, 19, 20, 21, 22, 23, 24, 25, 26, 27, 28, 29, 30, 31, 32]}}
{"i": 33, "in": {"clk": 1, "rst_n": 1, "shift_en": 1, "pixel_in": 33}, "exp": {"row_out": [2, 3, 4, 5, 6, 7, 8, 9, 10, 11, 12, 13, 14, 15, 16, 17, 18, 19, 20, 21, 22, 23, 24, 25, 26, 27, 28, 29, 30, 31, 32, 33]}}
{"i": 34, "in": {"clk": 1, "rst_n": 1, "shift_en": 1, "pixel_in": 34}, "exp": {"row_out": [3, 4, 5, 6, 7, 8, 9, 10, 11, 12, 13, 14, 15, 16, 17, 18, 19, 20, 21, 22, 23, 24, 25, 26, 27, 28, 29, 30, 31, 32, 33, 34]}}
{"i": 35, "in": {"clk": 1, "rst_n": 1, "shift_en": 1, "pixel_in": 35}, "exp": {"row_out": [4, 5, 6, 7, 8, 9, 10, 11, 12, 13, 14, 15, 16, 17, 18, 19, 20, 21, 22, 23, 24, 25, 26, 27, 28, 29, 30, 31, 32, 33, 34, 35]}}
{"i": 36, "in": {"clk": 1, "rst_n": 1, "shift_en": 1, "pixel_in": 36}, "exp": {"row_out": [5, 6, 7, 8, 9, 10, 11, 12, 13, 14, 15, 16, 17, 18, 19, 20, 21, 22, 23, 24, 25, 26, 27, 28, 29, 30, 31, 32, 33, 34, 35, 36]}}
{"i": 37, "in": {"clk": 1, "rst_n": 1, "shift_en": 0, "pixel_in": 99}, "exp": {"row_out": [0, 0, 0, 0, 0, 0, 0, 0, 0, 0, 0, 0, 0, 0, 0, 0, 0, 0, 0, 0, 0, 0, 0, 0, 0, 0, 0, 0, 0, 0, 0, 42]}}
{"i": 38, "in": {"clk": 1, "rst_n": 0, "shift_en": 0, "pixel_in": 0}, "exp": {"row_out": [0, 0, 0, 0, 0, 0, 0, 0, 0, 0, 0, 0, 0, 0, 0, 0, 0, 0, 0, 0, 0, 0, 0, 0, 0, 0, 0, 0, 0, 0, 0, 0]}}
